serial   parallel
-0.49373      -0.49373
-0.499763      -0.499763
-0.501065      -0.501065
-0.498004      -0.498004
-0.499364      -0.499364
-0.496587      -0.496587
-0.499998      -0.499998
-0.49586      -0.49586
-0.505459      -0.505459
-0.499094      -0.499094
-0.500066      -0.500066
-0.496636      -0.496636
-0.495116      -0.495116
-0.501584      -0.501584
-0.5005      -0.5005
-0.498855      -0.498855
-0.50052      -0.50052
-0.500582      -0.500582
-0.499954      -0.499954
-0.499841      -0.499841
-0.501066      -0.501066
-0.500885      -0.500885
-0.50251      -0.50251
-0.499558      -0.499558
-0.498685      -0.498685
-0.498519      -0.498519
-0.497917      -0.497917
-0.498275      -0.498275
-0.500386      -0.500386
-0.501817      -0.501817
-0.499547      -0.499547
-0.497121      -0.497121
-0.500809      -0.500809
-0.498287      -0.498287
-0.498531      -0.498531
-0.500697      -0.500697
-0.504854      -0.504854
-0.49523      -0.49523
-0.501058      -0.501058
-0.501718      -0.501718
-0.502706      -0.502706
-0.502029      -0.502029
-0.500165      -0.500165
-0.501928      -0.501928
-0.498525      -0.498525
-0.505514      -0.505514
-0.500323      -0.500323
-0.496609      -0.496609
-0.496952      -0.496952
-0.500157      -0.500157
